181265049172
216619755165
117115275241
69444949105
691921445233
2291229649206
535617143141
2149574944
229150954929
532614552138
372262215545
531697156227
1974512153164
16525197567
2296817499108
1651155244206
24579549156
1172514749144
2131624549107
149165275231
22924419343251
133196474995
213219275233
133205964925
165399449237
1971171734354
52142215557
851564849200
37117944963
2181554495
165130534462
2131510156135
181621445247
197601445293
211044849124
1012099549218
101165344108
213164944930
532115349226
229562285514
149759449177
18113322155218
14920914452224
562564950
14920914452224
562564950
1336810256159
197142444221
213405449250
372362275529
197119714914552245
1338414452117
24522310256116
371967156158
21324512053109
59022455136
181521819987
24245144275274
149190454955