7107056072
4106056044
4107056005
4104030329
4104030312
4106030319
4106030323
7107056091
7107056013
4107056010
4107056040
4107056011
4107056032
4107056004
4107056002
4107056008
4103012038
4107056039
7106056128
7107056074
4107056006
4107056001
4107056015
4107056025
4106062146
4107056041
4107056016
4106052019
0107104058
4107056027
4107056029
7106056079
7107056103
7107056116
4104034039
4106061131
4107056020
4107056024
4106056046
4107056031
4105030219
4106013024
4107056026
4107056028
4107056012
4107056003
4107056019
4107056038
4107056009
4107056034
4107056007
4104056051
4107056021
4107056035
4107056037
4107056030
4107056013
4107056017
4107056023
4107056022
4107056018
4107056036
4107056014
4107035039
4105062124
4105051044
4107030221
4106052129
4105054025
4106054035
EOF

