371967156158
1652251015625
18120214552218
13310712153162
213191789923
1176718199224
165677056152
2292287156126
851497156191
181736856128
371836856238
1651111965654
2131210156132
1011936956217
211777156219
165254685639
53519356201
197866956238
245131275289
8556695616
165347256247
21317070561
21136222215254
3736285241
181337156235
1492221254131
229422852231
1019922855213
229877056204
21321922755218
149782235551
8523612153245
18119822155153
245617256184
2193695653
1651777056106
532426856187
1811279756147
1172316856238
1331247156134
181138715664
149230715612
1012367056247
372262215545
2131510156135
10112452441
69444949105
2132056856100
213152685649
1655011553209
8592544419
852365449190
374414552172
11745749121
213427256143
69120685665
197626856135
149240705627
165265344166
11780715690
217319543180
1011807156174
695971561
52367156150
531932225529
859715635
16527256215
213627256155
2116510256238
10119112253149
EOF