1652251015625
181337156235
2116510256238
16527256215
211777156219
229422852231
8532705611
11745749121
10112452441
213427256143
695971561
245617256184
2193695653
165254685639
371967156158
851497156191
165265344166
1492221254131
1811279756147
2131210156132
69444949105
2292287156126
859715635
1012367056247
229877056204
1331247156134
1655011553209
8592544419
181138715664
149230715612
371836856238
181736856128
53519356201
1176718199224
1652331015617
197866956238
2132056856100
374414552172
18120214552218
532426856187
2131510156135
21317070561
165347256247
218722455149
11780715690
213627256155
217319543180
1019922855213
13310712153162
21321922755218
18119822155153
1011936956217
1011807156174
1651111965654
52367156150
531932225529
1651777056106
245131275289
8556695616
3736285241
165677056152
1172316856238
372262215545
852365449190
197626856135
69120685665
21136222215254
149782235551
213835549128
8523612153245
149240705627
