16527256215
10112452441
8556695616
211777156219
218722455149
1176718199224
181736856128
165254685639
372262215545
165265344166
859715635
229877056204
2131210156132
53519356201
8592544419
2292287156126
197866956238
1011936956217
213835549128
69444949105
21317070561
1652331015617
1652251015625
1811279756147
165347256247
11780715690
21321922755218
149782235551
2193695653
1651111965654
1651777056106
532426856187
245617256184
371836856238
695971561
531932225529
374414552172
852365449190
851497156191
181138715664
1331247156134
1011807156174
11745749121
1655011553209
371967156158
1172316856238
10119112253149
197626856135
52367156150
1492221254131
149240705627
3736285241
2132056856100
181337156235
2116510256238
18119822155153
165677056152
8523612153245
21319922255251
213627256155
21136222215254
245131275289
2131510156135
18120214552218
1012367056247
213427256143 
149230715612
