211777156219
1652251015625
21319922255251
372262215545
16527256215
213627256155
371836856238
181736856128
2292287156126
229422852231
69444949105
1811279756147
165254685639
8556695616
181337156235
181138715664
11745749121
8523612153245
1331247156134
229877056204
1012367056247
53519356201
10112452441
532426856187
11780715690
21317070561
197866956238
695971561
859715635
245617256184
2193695653
2131210156132
213835549128
1176718199224
218722455149
149230715612
8592544419
18119822155153
852365449190
1011807156174
52367156150
212047056167
531932225529
149240705627
1651111965654
197626856135
245131275289
2131510156135
2132056856100
149782235551
851497156191
21321922755218
1655011553209
165347256247
165265344166
374414552172
1651777056106
1492221254131
18120214552218
1652331015617
10119112253149
371967156158
3736285241
21136222215254
165677056152
1011936956217
22116510256238
1172316856238
