
1003Attend.txt
4104034039
4107056026
4107056039
7107056072


1017Attend.txt
4107056018
4107056026
4107056039


1024Attend.txt
4107056039
7106056079


1114Attend.txt
4103012038
4104034039
4107056017
4107056039


1121Attend.txt
4104056051
4107056027
4107056041


1128Attend.txt
4106062146
4107056017
4107056039
7106056079
7107056013


1205Attend.txt
4106052019
4107056014


1212Attend.txt
4106030323
4106052019
4106056044
4107056014
4107056027
7106056079


1219Attend.txt
4107056014


1226Attend.txt
4107030221
4107056014
7107056103

