23223215523221378
181521819987
2296817499108
101165344108
22924419343251
197142444221
165157524432
2181554495
372362275529
535617143141
1971171734354
1333924542125
165130534462
14920914452224
1651155244206
19714914552245
181621445247
197601445293
59022455136
211044849124
532614552138
133205964925
213164944930
1172514749144
149759449177
149190454955
24579549156
2149574944
2131624549107
562564950
165399449237
229150954929
245144275274
555555555555
2291229649206
532115349226
2451584849106
18113322155218
1012099549218
229261465289
1974512153164
216619755165
21324512053109
1338414452117
149165275231
213219275233
1812322552112
229562285514
117115275241
213405449250
133196474995
666666666666
181265049172
37117944963
851564849200
691921445233
372262215545
52142215557
2131510156135
69444949105
10119112253149
371967156158
531697156227
1336810256159
24522310256116
16525197567
2116510256238