4103056004
4104040050
4104052050
4104056049
4105021032
4105028015
4105053006
4105053016
4105053036
4105053041
4105053044
4105053140
4105056001
4105056041
4105061037
4106029023
4106029030
4106029034
4106030333
4106034064
4106037032
4106053037
4106056001
4106056002
4106056003
4106056004
4106056005
4106056006
4106056007
4106056008
4106056009
4106056010
4106056012
4106056013
4106056014
4106056015
4106056016
4106056017
4106056018
4106056019
4106056021
4106056022
4106056023
4106056024
4106056026
4106056027
4106056029
4106056030
4106056031
4106056033
4106056036
4106056037
4106056038
4106056039
4106056040
4106056042
4106056044
4106056045
4106056046
4106061131
7106056079
7107056013
7107056051
7107056067
7107056073
7107056096
7107056103