2116510256238
1012367056247
181138715664
1331247156134
8556695616
16527256215
1011936956217
229422852231
851497156191
211777156219
181337156235
10112452441
2193695653
695971561
245617256184
2292287156126
859715635
11745749121
149782235551
53519356201
197866956238
165265344166
1651111965654
21321922755218
852365449190
1492221254131
372262215545
213835549128
1652331015617
69444949105
213191789923
374414552172
165254685639
1651777056106
1652251015625
213627256155
8592544419
229877056204
1655011553209
1172316856238
165347256247
1176718199224
11780715690
18120214552218
13310712153162
21317070561
2131510156135
1011807156174
371836856238
181736856128
18119822155153
2131210156132
3736285241
197626856135
2132056856100
1019922855213
149230715612
532426856187
52367156150
531932225529
1811279756147
217319543180
8523612153245
213427256143
10119112253149
21136222215254
165677056152
69120685665
371967156158
245131275289
213152685649

