2116510256238
16527256215
211777156219
372262215545
371836856238
1651777056106
1652251015625
245617256184
2193695653
859715635
2292287156126
213427256143
165265344166
8592544419
53519356201
165254685639
197866956238
2131210156132
229877056204
1655011553209
695971561
181736856128
10112452441
532426856187
2132056856100
213627256155
181138715664
1331247156134
852365449190
1172316856238
217319543180
229422852231
1652331015617
8556695616
1651111965654
149782235551
21321922755218
371967156158
1811279756147
1176718199224
245131275289
1492221254131
851497156191
2131510156135
181337156235
531932225529
1011807156174
149240705627
52367156150
18119822155153
13310712153162
218722455149
21317070561
165347256247
3736285241
165677056152
69444949105
374414552172
8523612153245
1012367056247
11745749121
10119112253149
69120685665
18120214552218
149230715612
197626856135
1011936956217
213152685649
