69120685665
2116510256238
16527256215
211777156219
181736856128
21319922255251
149240705627
531932225529
197626856135
213835549128
1011807156174
52367156150
149230715612
2292287156126
1651777056106
2131210156132
371836856238
229422852231
213627256155
165254685639
165265344166
1012367056247
1176718199224
372262215545
11745749121
8556695616
10112452441
10119112253149
181138715664
1331247156134
1811279756147
1652331015617
2131510156135
197866956238
851497156191
859715635
53519356201
1011936956217
165347256247
245617256184
11780715690
21317070561
374414552172
695971561
1655011553209
8592544419
2193695653
165677056152
69444949105
1652251015625
149782235551
1651111965654
21321922755218
371967156158
1172316856238
18120214552218
3736285241
2132056856100
852365449190
245131275289
532426856187
13310712153162
21136222215254
218722455149
18119822155153
8523612153245
213427256143

