372262215545
149240705627
695971561
1651111965654
1651777056106
371836856238
859715635
245131275289
181337156235
21136222215254
211777156219
218722455149
213835549128
2193695653
18119822155153
2132056856100
2131210156132
10112452441
229422852231
149782235551
1492221254131
532426856187
165265344166
8556695616
1176718199224
2131510156135
2292287156126
21317070561
8592544419
245617256184
8141163214240
213627256155
16527256215
1652251015625
229877056204
181736856128
69444949105
69120685665
1655011553209
165677056152
1011936956217
851497156191
197866956238
2116510256238
213427256143
165254685639
165347256247
21321922755218
1811279756147
1652331015617
18120214552218
149230715612
181138715664
1331247156134
1012367056247
1172316856238
11745749121
374414552172
852365449190
53519356201
531932225529
52367156150
1011807156174
197626856135
8523612153245
