2131210156132
1176718199224
53519356201
372262215545
181736856128
371836856238
8556695616
16527256215
211777156219
218722455149
1651777056106
165254685639
1012367056247
851497156191
165347256247
21317070561
149230715612
695971561
1492221254131
3736285241
2131510156135
1011807156174
69444949105
52367156150
181138715664
1652251015625
18119822155153
197626856135
531932225529
1172316856238
1331247156134
2292287156126
2193695653
532426856187
2132056856100
859715635
245617256184
149782235551
213627256155
2116510256238
371967156158
21321922755218
165677056152
1655011553209
213427256143
