1176718199224
8532705611
2116510256238
8532705611
16527256215
10112452441
181337156235
8556695616
213835549128
8532705611
165254685639
2292287156126
1011936956217
859715635
211777156219
69444949105
1811279756147
1655011553209
8532705611
1651777056106
8532705611
531932225529
1011807156174
52367156150
149240705627
245617256184
53519356201
197626856135
695971561
851497156191
181736856128
1172316856238
371836856238
165347256247
532426856187
11780715690
2193695653
1652331015617
165265344166
245131275289
2131510156135
8592544419
181138715664
1331247156134
1651111965654
197866956238
21136222215254
21321922755218
2131210156132
149782235551
8523612153245
18119822155153
852365449190
371967156158
1652251015625
165677056152
2132056856100
11745749121
374414552172
149230715612
1012367056247
3736285241
218722455149
11723110256204
213627256155
21317070561
21319922255251
1492221254131
213427256143
