2116510256238
211777156219
21319922255251
16527256215
372262215545
1176718199224
371836856238
165254685639
8556695616
181736856128
859715635
10112452441
532426856187
1652251015625
1655011553209
2292287156126
213427256143
229422852231
181337156235
11745749121
18120214552218
229877056204
69444949105
213627256155
165265344166
1811279756147
1012367056247
181138715664
1651777056106
1331247156134
695971561
53519356201
197866956238
2193695653
2132056856100
1172316856238
52367156150
245617256184
1011807156174
8592544419
2131510156135
10119112253149
197626856135
21136222215254
531932225529
21317070561
149240705627
371967156158
11780715690
213835549128
1651111965654
149782235551
851497156191
21321922755218
18119822155153
165347256247
218722455149
1492221254131
1652331015617
2131210156132
3736285241
852365449190
165677056152
149230715612
8523612153245
245131275289
374414552172
1011936956217
