21136222215254 
165265344166 
1176718199224 
213835549128
1492221254131 
10112452441 
8592544419 
11745749121 
374414552172 
18120214552218 
229422852231 
852365449190 
1655011553209 
372262215545 
2131510156135 
69444949105 
3736285241 
213427256143 
18119822155153 
8556695616 
1011936956217 
532426856187 
16527256215 
213627256155 
165254685639 
149230715612 
211777156219 
1331247156134 
2292287156126 
181736856128 
165677056152 
165347256247 
69120685665 
197866956238 
2132056856100 
11780715690 
149240705627 
1172316856238 
2193695653 
1651111965654 
197626856135 
859715635 
1651777056106 
53519356201 
218722455149
229877056204 
245617256184 
21321922755218 
531932225529 
149782235551 
371836856238 
21317070561 
181138715664 
1011807156174 
695971561 
52367156150 
1012367056247 
21319922255251 
851497156191 
181337156235 
8523612153245 
10119112253149 
245131275289 
371967156158 
1652331015617
2131210156132 
1652251015625 
2116510256238 
1811279756147 
EOF
